1 16908U 86061A   20264.57732542 -.00000094 +00000-0 +21634-4 0  9998
2 16908 050.0082 111.1944 0011162 246.1962 151.1539 12.44492556219585
1 16908U 86061A   20264.82940123 -.00000096  00000-0  10725-4 0  9993
2 16908  50.0082 110.4193 0011161 246.8160 200.5190 12.44492562219825
1 16908U 86061A   20265.55416377 -.00000101 +00000-0 -26182-4 0  9995
2 16908 050.0087 108.1904 0011163 248.6933 207.5475 12.44492513219700
1 16908U 86061A   20265.85741485 -.00000098  00000-0 -42263-5 0  9993
2 16908  50.0082 107.2582 0011157 249.4758 126.1546 12.44492587219957
1 16908U 86061A   20266.59900909 -.00000103 +00000-0 -43233-4 0  9997
2 16908 050.0081 104.9777 0011157 251.3954 208.5928 12.44492572219836
1 16908U 86061A   20266.91959976 -.00000104 +00000-0 -49942-4 0  9995
2 16908 050.0081 103.9919 0011154 252.2088 204.8970 12.44492563219878
1 16908U 86061A   20267.56370604 -.00000107 +00000-0 -68333-4 0  9990
2 16908 050.0081 102.0112 0011155 253.8625 210.5901 12.44492555219956
1 16908U 86061A   20267.87751181 -.00000097 +00000-0 +32999-5 0  9994
2 16908 050.0081 101.0462 0011154 254.6662 176.4893 12.44492603219990
1 16908U 86061A   20268.13912417 -.00000107  00000-0 -66898-4 0  9992
2 16908  50.0081 100.2417 0011151 255.3530 268.5368 12.44492561220232
1 16908U 86061A   20268.60822183 -.00000102 +00000-0 -30572-4 0  9999
2 16908 050.0088 098.7992 0011155 256.5514 210.1702 12.44492550220083
1 16908U 86061A   20268.84005781 -.00000100 +00000-0 -22149-4 0  9991
2 16908 050.0088 098.0863 0011153 257.1454 168.8316 12.44492557220112
1 16908U 86061A   20269.48827260 -.00000103  00000-0 -40797-4 0  9998
2 16908  50.0082  96.0929 0011154 258.7934 192.9480 12.44492535220406
1 16908U 86061A   20269.90196936 -.00000099 +00000-0 -12405-4 0  9993
2 16908 050.0082 094.8207 0011151 259.8508 246.3764 12.44492538220241
1 16908U 86061A   20270.53535302 -.00000105 +00000-0 -53738-4 0  9990
2 16908 050.0089 092.8733 0011156 261.4897 204.0175 12.44492549220323
1 16908U 86061A   20270.86600538 -.00000104  00000-0 -48935-4 0  9992
2 16908  50.0090  91.8565 0011157 262.3067 245.4220 12.44492562220579
1 16908U 86061A   20271.49746962 -.00000105 +00000-0 -54010-4 0  9996
2 16908 050.0090 089.9148 0011162 263.8992 194.5055 12.44492562220449
1 16908U 86061A   20271.91411986 -.00000086 +00000-0 +77729-4 0  9997
2 16908 050.0085 088.6332 0011154 264.9424 261.1876 12.44492571220494
1 16908U 86061A   20272.07175330 -.00000083  00000-0  10407-3 0  9991
2 16908  50.0085  88.1485 0011157 265.3367 247.4196 12.44492593220724
1 16908U 86061A   20272.54205604 -.00000094 +00000-0 +24266-4 0  9992
2 16908 050.0086 086.7023 0011154 266.5549 194.4357 12.44492544220578
1 16908U 86061A   20272.86359044 -.00000084 +00000-0 +97241-4 0  9997
2 16908 050.0086 085.7137 0011152 267.3977 194.9409 12.44492582220615
1 16908U 86061A   20273.20236038 -.00000090  00000-0  51719-4 0  9990
2 16908  50.0087  84.6720 0011153 268.2770 272.6717 12.44492572220866
1 16908U 86061A   20273.58673669 -.00000094 +00000-0 +22295-4 0  9997
2 16908 050.0087 083.4900 0011152 269.2559 194.7433 12.44492561220708
1 16908U 86061A   20273.92170537 -.00000092 +00000-0 +40499-4 0  9995
2 16908 050.0088 082.4600 0011152 270.1059 255.4634 12.44492575220748
1 16908U 86061A   20274.55149458 -.00000108 +00000-0 -75139-4 0  9991
2 16908 050.0095 080.5237 0011154 271.7349 197.0020 12.44492537220829
1 16908U 86061A   20274.88516337 -.00000096 +00000-0 +95593-5 0  9993
2 16908 050.0089 079.4974 0011150 272.5943 251.8855 12.44492577220865
1 16908U 86061A   20274.96947727 -.00000097  00000-0 -63154-6 0  9994
2 16908  50.0089  79.2382 0011150 272.8151 269.6202 12.44492574221085
1 16908U 86061A   20275.59804578 -.00000106 +00000-0 -58454-4 0  9996
2 16908 050.0090 077.3053 0011156 274.3776 205.7531 12.44492564220957
1 16908U 86061A   20275.91959387 -.00000104 +00000-0 -45489-4 0  9993
2 16908 050.0091 076.3166 0011154 275.2129 206.3271 12.44492571220992
1 16908U 86061A   20276.21112269 -.00000107  00000-0 -70493-4 0  9993
2 16908  50.0091  75.4202 0011158 275.9594  72.4221 12.44492567221230
1 16908U 86061A   20276.55870220 -.00000108 +00000-0 -75529-4 0  9994
2 16908 050.0092 074.3514 0011156 276.8369 189.6455 12.44492565221073
1 16908U 86061A   20276.79686998 -.00000106 +00000-0 -64736-4 0  9993
2 16908 050.0092 073.6191 0011156 277.4542 176.6671 12.44492569221100
1 16908U 86061A   20277.52308855 -.00000115  00000-0 -12735-3 0  9999
2 16908  50.0093  71.3859 0011155 279.3173 190.2370 12.44492542221409
1 16908U 86061A   20277.59668414 -.00000116 +00000-0 -12831-3 0  9994
2 16908 050.0093 071.1596 0011153 279.5099 159.9527 12.44492539221202
1 16908U 86061A   20277.94071829 -.00000116 +00000-0 -13254-3 0  9991
2 16908 050.0094 070.1018 0011155 280.3887 261.2817 12.44492535221247
1 16908U 86061A   20278.56962563 -.00000114 +00000-0 -11564-3 0  9994
2 16908 050.0095 068.1679 0011152 281.9871 198.8975 12.44492536221325
1 16908U 86061A   20278.81638222 -.00000112  00000-0 -10626-3 0  9990
2 16908  50.0095  67.4092 0011153 282.6212 224.4034 12.44492530221566
1 16908U 86061A   20278.89138698 -.00000115 +00000-0 -12378-3 0  9999
2 16908 050.0095 067.1785 0011153 282.8120 200.4377 12.44492521221364
1 16908U 86061A   20279.61564455 -.00000113 +00000-0 -10763-3 0  9998
2 16908 050.0097 064.9515 0011156 284.6598 205.2321 12.44492516221450
1 16908U 86061A   20279.93861491 -.00000113 +00000-0 -11005-3 0  9993
2 16908 050.0097 063.9584 0011163 285.4660 212.2106 12.44492510221499
1 16908U 86061A   20280.18899569 -.00000110  00000-0 -87569-4 0  9995
2 16908  50.0103  63.1889 0011172 286.1077 253.9546 12.44492520221735
1 16908U 86061A   20280.24538067 -.00000111 +00000-0 -98593-4 0  9995
2 16908 050.0104 063.0155 0011170 286.2582 146.5620 12.44492507221534
1 16908U 86061A   20280.91150987 -.00000108 +00000-0 -77147-4 0  9998
2 16908 050.0099 060.9668 0011163 287.9745 250.9152 12.44492499221612
1 16908U 86061A   20281.20616596 -.00000112  00000-0 -10319-3 0  9996
2 16908  50.0101  60.0608 0011168 288.7276 131.0220 12.44492477221862
1 16908U 86061A   20281.86308324 -.00000104 +00000-0 -44332-4 0  9999
2 16908 050.0102 058.0409 0011167 290.4056 194.1183 12.44492491221734
1 16908U 86061A   20282.40742000 -.00000104  00000-0 -49785-4 0  9990
2 16908  50.0103  56.3671 0011170 291.8004 112.8311 12.44492476222014
1 16908U 86061A   20282.58718392 -.00000102 +00000-0 -35216-4 0  9998
2 16908 050.0104 055.8144 0011170 292.2491 198.2133 12.44492485221827
1 16908U 86061A   20282.91058866 -.00000099 +00000-0 -12457-4 0  9995
2 16908 050.0104 054.8200 0011172 293.0851 207.1092 12.44492493221867
1 16908U 86061A   20283.54743560 -.00000105  00000-0 -57415-4 0  9998
2 16908  50.0106  52.8618 0011175 294.6963 180.3026 12.44492460222150
1 16908U 86061A   20283.70238505 -.00000103 +00000-0 -37832-4 0  9993
2 16908 050.0106 052.3854 0011173 295.0953 154.4981 12.44492463221962
1 16908U 86061A   20284.17766295 -.00000104 +00000-0 -44200-4 0  9995
2 16908 050.0108 050.9240 0011176 296.3246 123.8052 12.44492459222021
1 16908U 86061A   20284.83486992 -.00000099  00000-0 -14180-4 0  9998
2 16908  50.0109  48.9033 0011177 297.9881 188.2146 12.44492476222312
1 16908U 86061A   20284.92045630 -.00000100 +00000-0 -19494-4 0  9994
2 16908 050.0109 048.6402 0011176 298.2200 211.6422 12.44492476222113
1 16908U 86061A   20285.63109817 -.00000102 +00000-0 -30776-4 0  9999
2 16908 050.0111 046.4552 0011187 300.0518 155.4165 12.44492460222206
1 16908U 86061A   20285.88202397 -.00000102 +00000-0 -30923-4 0  9997
2 16908 050.0111 045.6837 0011187 300.7127 199.5849 12.44492458222234
1 16908U 86061A   20286.10312303 -.00000105  00000-0 -55094-4 0  9991
2 16908  50.0111  45.0039 0011192 301.2786 110.1435 12.44492452222475
1 16908U 86061A   20286.58816182 -.00000107 +00000-0 -69915-4 0  9996
2 16908 050.0112 043.5126 0011189 302.5124 123.2013 12.44492437222326
1 16908U 86061A   20286.92981456 -.00000112 +00000-0 -10578-3 0  9997
2 16908 050.0112 042.4621 0011193 303.3981 213.8480 12.44492425222364
1 16908U 86061A   20287.15028477 -.00000113  00000-0 -11349-3 0  9996
2 16908  50.0116  41.7844 0011197 303.9455 121.6058 12.44492425222607
1 16908U 86061A   20287.61967684 -.00000109 +00000-0 -81098-4 0  9993
2 16908 050.0113 040.3410 0011194 305.1543 064.5491 12.44492430222665
1 16908U 86061A   20287.89238366 -.00000111 +00000-0 -96334-4 0  9993
2 16908 050.0114 039.5025 0011198 305.8547 206.3161 12.44492421222483
1 16908U 86061A   20288.60276314 -.00000104 +00000-0 -48686-4 0  9997
2 16908 050.0115 037.3183 0011199 307.6654 148.9353 12.44492428222576
1 16908U 86061A   20288.92930953 -.00000107 +00000-0 -69151-4 0  9991
2 16908 050.0115 036.3143 0011203 308.5062 171.9095 12.44492421222617
1 16908U 86061A   20289.56508862 -.00000105 +00000-0 -54089-4 0  9994
2 16908 050.0116 034.3594 0011206 310.1015 140.3317 12.44492420222690
1 16908U 86061A   20289.89254799 -.00000105 +00000-0 -52148-4 0  9991
2 16908 050.0116 033.3526 0011210 310.9431 167.3976 12.44492423222737
1 16908U 86061A   20290.12256413 -.00000104  00000-0 -50017-4 0  9996
2 16908  50.0116  32.6454 0011213 311.5230 117.9149 12.44492416222977
1 16908U 86061A   20290.59311678 -.00000104 +00000-0 -43562-4 0  9999
2 16908 050.0117 031.1985 0011211 312.7286 066.0634 12.44492407222820
1 16908U 86061A   20290.86523292 -.00000103 +00000-0 -38802-4 0  9996
2 16908 050.0117 030.3619 0011214 313.4306 205.1809 12.44492413222859
1 16908U 86061A   20291.23485277 -.00000103  00000-0 -39214-4 0  9996
2 16908  50.0117  29.2254 0011217 314.3676  61.1448 12.44492397223114
1 16908U 86061A   20291.28263666 -.00000106 +00000-0 -58552-4 0  9996
2 16908 050.0117 029.0785 0011214 314.4944 275.2196 12.44492385222908
1 16908U 86061A   20291.90081036 -.00000100 +00000-0 -20074-4 0  9996
2 16908 050.0118 027.1778 0011220 316.0747 164.7367 12.44492401222985
1 16908U 86061A   20292.53676296 -.00000098  00000-0 -17564-5 0  9991
2 16908  50.0119  25.2224 0011218 317.7067 133.8999 12.44492394223273
1 16908U 86061A   20292.95629757 -.00000098 +00000-0 -18468-5 0  9991
2 16908 050.0119 023.9325 0011222 318.7900 213.4713 12.44492397223117
1 16908U 86061A   20293.28713483 -.00000098 +00000-0 -62769-5 0  9991
2 16908 050.0119 022.9153 0011222 319.6266 255.6842 12.44492387223154
1 16908U 86061A   20293.82688066 -.00000094 +00000-0 +25281-4 0  9991
2 16908 050.0120 021.2558 0011228 321.0031 153.8352 12.44492403223435