1 16908U 86061A   20080.13959681 -.00000077  00000-0  14495-3 0  9998
2 16908  50.0101 318.3166 0011436 136.1565  39.2833 12.44491361196822
1 16908U 86061A   20080.51752054 -.00000078 +00000-0 +13631-3 0  9997
2 16908 050.0100 317.1546 0011437 137.1100 292.4535 12.44491364196664
1 16908U 86061A   20080.76675025 -.00000078 +00000-0 +13480-3 0  9998
2 16908 050.0100 316.3882 0011437 137.7508 329.0381 12.44491374196696
1 16908U 86061A   20081.17489042 -.00000075  00000-0  15554-3 0  9997
2 16908  50.0099 315.1333 0011435 138.7631 357.6010 12.44491393196953
1 16908U 86061A   20081.56415868 -.00000073 +00000-0 +17511-3 0  9998
2 16908 050.0098 313.9363 0011435 139.7584 301.5837 12.44491410196796
1 16908U 86061A   20081.73105694 -.00000074 +00000-0 +16262-3 0  9993
2 16908 050.0098 313.4231 0011435 140.1846 329.3147 12.44491414196811
1 16908U 86061A   20082.44285257 -.00000069  00000-0  20420-3 0  9991
2 16908  50.0097 311.2344 0011436 141.9713 278.3039 12.44491460197112
1 16908U 86061A   20082.52670693 -.00000069 +00000-0 +20194-3 0  9990
2 16908 050.0096 310.9766 0011437 142.1865 293.9837 12.44491459196911
1 16908U 86061A   20082.59613168 -.00000069 +00000-0 +20285-3 0  9992
2 16908 050.0096 310.7631 0011438 142.3617 245.0197 12.44491462196920
1 16908U 86061A   20083.89573347 -.00000076  00000-0  15100-3 0  9998
2 16908  50.0094 306.7670 0011439 145.6508 307.4735 12.44491482197296
1 16908U 86061A   20083.91375000 -.00000080 +00000-0 +12330-3 0  9994
2 16908 050.0094 306.7116 0011439 145.6949 028.1923 12.44491470197080
1 16908U 86061A   20084.61652524 -.00000081 +00000-0 +11437-3 0  9999
2 16908 050.0093 304.5506 0011436 147.4763 296.7514 12.44491500197172
1 16908U 86061A   20084.95034321 -.00000085 +00000-0 +86700-4 0  9995
2 16908 050.0092 303.5241 0011434 148.3082 352.3299 12.44491484197213
1 16908U 86061A   20085.19597042 -.00000082  00000-0  11042-3 0  9999
2 16908  50.0092 302.7688 0011435 148.9309  12.7839 12.44491520197452
1 16908U 86061A   20085.35943200 -.00000082 +00000-0 +10607-3 0  9994
2 16908 050.0091 302.2662 0011432 149.3477 025.1186 12.44491524197262
1 16908U 86061A   20085.88615109 -.00000087 +00000-0 +70916-4 0  9991
2 16908 050.0090 300.6466 0011431 150.6854 224.9119 12.44491519197335
1 16908U 86061A   20086.37707042 -.00000091  00000-0  43432-4 0  9992
2 16908  50.0090 299.1371 0011427 151.9261 264.3222 12.44491518197605
1 16908U 86061A   20086.88783565 -.00000089 +00000-0 +62235-4 0  9991
2 16908 050.0094 297.5662 0011428 153.2414 032.6210 12.44491504197451
1 16908U 86061A   20087.49054755 -.00000093  00000-0  29117-4 0  9998
2 16908  50.0087 295.7132 0011432 154.7599 212.8882 12.44491537197745
1 16908U 86061A   20087.57774218 -.00000094 +00000-0 +22723-4 0  9997
2 16908 050.0087 295.4451 0011433 154.9804 243.5363 12.44491538197542
1 16908U 86061A   20088.16795689 -.00000099 +00000-0 -10331-4 0  9996
2 16908 050.0087 293.6302 0011434 156.4785 007.8021 12.44491531197616
1 16908U 86061A   20088.55452226 -.00000098  00000-0 -56936-5 0  9997
2 16908  50.0086 292.4415 0011430 157.4644 299.6781 12.44491529197877
1 16908U 86061A   20088.88831972 -.00000091 +00000-0 +45908-4 0  9990
2 16908 050.0085 291.4151 0011435 158.3087 355.1525 12.44491556197704
1 16908U 86061A   20089.59935343 -.00000096 +00000-0 +10454-4 0  9999
2 16908 050.0084 289.2286 0011434 160.1166 300.7053 12.44491541197790
1 16908U 86061A   20089.85865741 -.00000096 +00000-0 +10352-4 0  9999
2 16908 050.0084 288.4313 0011429 160.7680 022.4395 12.44491532197824
1 16908U 86061A   20090.16582657 -.00000095 +00000-0 +19393-4 0  9990
2 16908 050.0084 287.4867 0011430 161.5486 318.6105 12.44491550197865
1 16908U 86061A   20090.80142083 -.00000088 +00000-0 +68277-4 0  9993
2 16908 050.0083 285.5322 0011427 163.1718 286.1747 12.44491557197948
1 16908U 86061A   20090.89762890 -.00000090 +00000-0 +54204-4 0  9994
2 16908 050.0083 285.2363 0011427 163.4079 357.2118 12.44491546198168
1 16908U 86061A   20091.85974344 -.00000087 +00000-0 +70520-4 0  9995
2 16908 050.0082 282.2778 0011425 165.8488 347.6554 12.44491558198072
1 16908U 86061A   20092.09182164 -.00000094  00000-0  25300-4 0  9997
2 16908  50.0088 281.5639 0011425 166.4881 307.3569 12.44491600198314
1 16908U 86061A   20093.23031062 -.00000071 +00000-0 +18782-3 0  9994
2 16908 050.0081 278.0631 0011424 169.3479 008.0177 12.44491647198247
1 16908U 86061A   20093.28318081 -.00000070  00000-0  19136-3 0  9991
2 16908  50.0081 277.9005 0011423 169.4797 244.8878 12.44491645198463
1 16908U 86061A   20093.95037479 -.00000078 +00000-0 +13491-3 0  9990
2 16908 050.0081 275.8488 0011424 171.1700 354.0375 12.44491623198338
1 16908U 86061A   20094.48333168 -.00000079  00000-0  12757-3 0  9998
2 16908  50.0082 274.2099 0011421 172.5369 221.7644 12.44491641198613
1 16908U 86061A   20094.56624059 -.00000084 +00000-0 +95058-4 0  9991
2 16908 050.0082 273.9550 0011422 172.7464 233.2119 12.44491634198415
1 16908U 86061A   20094.91212937 -.00000083 +00000-0 +98878-4 0  9990
2 16908 050.0081 272.8913 0011419 173.6121 342.8670 12.44491640198451
1 16908U 86061A   20095.24381097 -.00000087 +00000-0 +72824-4 0  9998
2 16908 050.0082 271.8714 0011418 174.4737 028.8395 12.44491642198492
1 16908U 86061A   20095.76377736 -.00000087  00000-0  70908-4 0  9991
2 16908  50.0082 270.2725 0011414 175.7777 198.3964 12.44491647198772
1 16908U 86061A   20095.87852317 -.00000092 +00000-0 +37824-4 0  9992
2 16908 050.0082 269.9196 0011413 176.0636 352.4832 12.44491629198571
1 16908U 86061A   20096.58740723 -.00000097 +00000-0 +14480-5 0  9997
2 16908 050.0082 267.7398 0011412 177.8786 288.3935 12.44491643198662
1 16908U 86061A   20096.74482896 -.00000100 +00000-0 -16642-4 0  9996
2 16908 050.0082 267.2557 0011412 178.2773 273.6714 12.44491633198688
1 16908U 86061A   20096.99616351 -.00000098  00000-0 -11372-5 0  9990
2 16908  50.0086 266.4830 0011411 178.9344 319.6750 12.44491620198921
1 16908U 86061A   20097.30254858 -.00000100 +00000-0 -20351-4 0  9996
2 16908 050.0087 265.5409 0011412 179.7461 252.3001 12.44491616198752
1 16908U 86061A   20097.88433102 -.00000097 +00000-0 +91829-6 0  9994
2 16908 050.0081 263.7518 0011415 181.1922 338.8195 12.44491682198824
1 16908U 86061A   20098.20846604 -.00000104  00000-0 -45129-4 0  9996
2 16908  50.0081 262.7551 0011412 182.0356 350.9810 12.44491670199072
1 16908U 86061A   20098.59833292 -.00000110 +00000-0 -87833-4 0  9992
2 16908 050.0081 261.5563 0011414 183.0307 297.6479 12.44491656198915
1 16908U 86061A   20098.84967365 -.00000111 +00000-0 -95340-4 0  9992
2 16908 050.0081 260.7834 0011411 183.6636 343.7036 12.44491645198948
1 16908U 86061A   20099.21083333 -.00000111  00000-0 -93045-4 0  9998
2 16908  50.0081 259.6729 0011408 184.6022 161.7409 12.44491644199193
1 16908U 86061A   20099.55901028 -.00000096 +00000-0 +91597-5 0  9997
2 16908 050.0086 258.6024 0011414 185.5219 281.5981 12.44491666199033
1 16908U 86061A   20099.89173160 -.00000108 +00000-0 -71999-4 0  9990
2 16908 050.0080 257.5791 0011408 186.3327 332.2829 12.44491651199071
1 16908U 86061A   20100.21788252 -.00000109  00000-0 -83564-4 0  9995
2 16908  50.0081 256.5762 0011404 187.1692 353.4880 12.44491641199328
1 16908U 86061A   20100.52343927 -.00000100 +00000-0 -20581-4 0  9996
2 16908 050.0087 255.6368 0011407 187.9529 282.4270 12.44491651199152
1 16908U 86061A   20100.85737103 -.00000105 +00000-0 -56207-4 0  9994
2 16908 050.0080 254.6098 0011401 188.7750 338.5265 12.44491630199191
1 16908U 86061A   20101.22984358 -.00000103 +00000-0 -40981-4 0  9992
2 16908 050.0080 253.4644 0011398 189.7388 207.2507 12.44491632199247
1 16908U 86061A   20101.48569847 -.00000102  00000-0 -32247-4 0  9997
2 16908  50.0080 252.6776 0011399 190.3858 273.5282 12.44491632199487
1 16908U 86061A   20101.90177442 -.00000097 +00000-0 +11582-5 0  9992
2 16908 050.0080 251.3982 0011400 191.4555 337.6080 12.44491635199325
1 16908U 86061A   20102.18131944 -.00000096 +00000-0 +11720-4 0  9992
2 16908 050.0081 250.5386 0011400 192.1889 149.9952 12.44491639199352
1 16908U 86061A   20102.78247500 -.00000089  00000-0  56829-4 0  9995
2 16908  50.0081 248.6900 0011402 193.7228 323.2699 12.44491647199644
1 16908U 86061A   20102.86566572 -.00000087 +00000-0 +73271-4 0  9995
2 16908 050.0081 248.4342 0011401 193.9372 335.9757 12.44491654199444
1 16908U 86061A   20103.40910346 -.00000086 +00000-0 +76765-4 0  9998
2 16908 050.0082 246.7631 0011403 195.3427 250.6464 12.44491648199515
1 16908U 86061A   20103.71608479 -.00000102 +00000-0 -32202-4 0  9991
2 16908 050.0088 245.8196 0011409 196.1492 185.9499 12.44491677199558
1 16908U 86061A   20104.06849723 -.00000086  00000-0  77000-4 0  9994
2 16908  50.0082 244.7355 0011398 197.0189 324.8443 12.44491657199806
1 16908U 86061A   20104.20640684 -.00000083 +00000-0 +98657-4 0  9993
2 16908 050.0083 244.3115 0011395 197.3691 222.7034 12.44491659199618
1 16908U 86061A   20104.87559612 -.00000084 +00000-0 +96769-4 0  9999
2 16908 050.0084 242.2538 0011391 199.0559 340.8011 12.44491657199696
1 16908U 86061A   20105.16934918 -.00000085  00000-0  84378-4 0  9992
2 16908  50.0084 241.3505 0011391 199.8247 216.8433 12.44491654199947
1 16908U 86061A   20105.57738583 -.00000087 +00000-0 +74319-4 0  9993
2 16908 050.0085 240.0958 0011395 200.8610 244.9189 12.44491653199788
1 16908U 86061A   20105.91084819 -.00000101 +00000-0 -22219-4 0  9997
2 16908 050.0089 239.0710 0011395 201.7271 298.8698 12.44491671199827
1 16908U 86061A   20106.38479876 -.00000087  00000-0  74405-4 0  9996
2 16908  50.0086 237.6132 0011393 202.9296 262.2521 12.44491675200090
1 16908U 86061A   20106.55013587 -.00000088 +00000-0 +67838-4 0  9991
2 16908 050.0086 237.1048 0011396 203.3592 282.9816 12.44491684199901
1 16908U 86061A   20106.86665670 -.00000092 +00000-0 +36174-4 0  9995
2 16908 050.0086 236.1316 0011392 204.1603 261.0531 12.44491676199943
1 16908U 86061A   20107.58620988 -.00000097 +00000-0 +15253-5 0  9999
2 16908 050.0087 233.9191 0011401 206.0312 244.7340 12.44491690200034
1 16908U 86061A   20107.76421682 -.00000094  00000-0  23643-4 0  9997
2 16908  50.0087 233.3718 0011396 206.4768 322.2426 12.44491704200263
1 16908U 86061A   20107.92107425 -.00000095 +00000-0 +19212-4 0  9999
2 16908 050.0087 232.8895 0011394 206.8764 304.9903 12.44491713200077
1 16908U 86061A   20108.61307821 -.00000100 +00000-0 -19771-4 0  9996
2 16908 050.0087 230.7617 0011397 208.6545 165.2685 12.44491707200164
1 16908U 86061A   20108.63157618 -.00000100 +00000-0 -15519-4 0  9991
2 16908 050.0087 230.7048 0011396 208.7014 248.1427 12.44491709200160
1 16908U 86061A   20109.21561049 -.00000105  00000-0 -53862-4 0  9991
2 16908  50.0087 228.9091 0011394 210.2113 344.6920 12.44491698200441
1 16908U 86061A   20109.59387539 -.00000105 +00000-0 -53683-4 0  9993
2 16908 050.0087 227.7460 0011397 211.1786 239.3785 12.44491704200286
1 16908U 86061A   20109.92965397 -.00000109 +00000-0 -79782-4 0  9996
2 16908 050.0087 226.7135 0011391 212.0369 303.7197 12.44491700200329
1 16908U 86061A   20110.09470995 -.00000109 +00000-0 -84506-4 0  9991
2 16908 050.0087 226.2060 0011391 212.4667 323.1888 12.44491697200346
1 16908U 86061A   20110.55105810 -.00000116  00000-0 -13517-3 0  9994
2 16908  50.0087 224.8028 0011397 213.6403 207.6937 12.44491669200611
1 16908U 86061A   20110.81725719 -.00000095 +00000-0 +15373-4 0  9997
2 16908 050.0091 223.9844 0011393 214.3352 320.2921 12.44491711200432
1 16908U 86061A   20111.11239966 -.00000113 +00000-0 -11275-3 0  9993
2 16908 050.0087 223.0768 0011391 215.0784 202.5895 12.44491663200470
1 16908U 86061A   20111.61556221 -.00000105  00000-0 -57203-4 0  9997
2 16908  50.0086 221.5297 0011394 216.3639 296.8380 12.44491675200743
1 16908U 86061A   20111.92956528 -.00000106 +00000-0 -63876-4 0  9999
2 16908 050.0086 220.5642 0011388 217.1651 263.6229 12.44491671200573
1 16908U 86061A   20112.81620083 -.00000102  00000-0 -29838-4 0  9998
2 16908  50.0086 217.8380 0011387 219.4390 275.8826 12.44491651200896
1 16908U 86061A   20113.60832758 -.00000093 +00000-0 +27108-4 0  9996
2 16908 050.0086 215.4024 0011390 221.4840 224.7155 12.44491660200788
1 16908U 86061A   20113.86522910 -.00000090 +00000-0 +51601-4 0  9992
2 16908 050.0086 214.6125 0011386 222.1412 295.6743 12.44491674200818
1 16908U 86061A   20114.19228178 -.00000086  00000-0  82881-4 0  9997
2 16908  50.0086 213.6069 0011386 222.9914 320.9077 12.44491677201062
1 16908U 86061A   20114.24018128 -.00000085 +00000-0 +83485-4 0  9995
2 16908 050.0085 213.4596 0011386 223.1105 175.5084 12.44491677200868
1 16908U 86061A   20114.58648330 -.00000078 +00000-0 +13600-3 0  9999
2 16908 050.0085 212.3949 0011386 223.9948 286.9971 12.44491697200900
1 16908U 86061A   20114.82607861 -.00000074 +00000-0 +16312-3 0  9999
2 16908 050.0085 211.6582 0011382 224.6084 280.4209 12.44491714200936
1 16908U 86061A   20115.45498918 -.00000074  00000-0  16467-3 0  9991
2 16908  50.0085 209.7244 0011386 226.2280 218.0277 12.44491718201228
1 16908U 86061A   20115.54883595 -.00000077 +00000-0 +14651-3 0  9996
2 16908 050.0085 209.4358 0011386 226.4709 278.4730 12.44491704201026
1 16908U 86061A   20115.86432906 -.00000076 +00000-0 +14697-3 0  9996
2 16908 050.0085 208.4658 0011381 227.2851 251.9244 12.44491713201060
1 16908U 86061A   20116.57612490 -.00000070  00000-0  19588-3 0  9991
2 16908  50.0084 206.2771 0011384 229.1214 200.8657 12.44491754201367
1 16908U 86061A   20116.59560762 -.00000071 +00000-0 +18327-3 0  9998
2 16908 050.0084 206.2173 0011385 229.1726 288.1500 12.44491747201157
1 16908U 86061A   20116.83715583 -.00000071 +00000-0 +18474-3 0  9991
2 16908 050.0084 205.4746 0011383 229.7966 290.3178 12.44491761201189
1 16908U 86061A   20117.46369156 -.00000092 +00000-0 +37983-4 0  9992
2 16908 050.0088 203.5481 0011390 231.4272 217.2691 12.44491780201264
1 16908U 86061A   20117.79828411 -.00000072  00000-0  17585-3 0  9995
2 16908  50.0084 202.5193 0011384 232.2792 276.2992 12.44491790201516
1 16908U 86061A   20118.52121323 -.00000073 +00000-0 +17135-3 0  9997
2 16908 050.0084 200.2965 0011388 234.1394 275.1244 12.44491817201395
1 16908U 86061A   20118.92928098 -.00000080 +00000-0 +12347-3 0  9993
2 16908 050.0083 199.0418 0011383 235.1956 303.3197 12.44491824201447
1 16908U 86061A   20119.21474701 -.00000082  00000-0  11068-3 0  9994
2 16908  50.0083 198.1641 0011385 235.9293 142.2490 12.44491829201697
1 16908U 86061A   20119.80919497 -.00000083 +00000-0 +99948-4 0  9990
2 16908 050.0083 196.3363 0011380 237.4474 285.4719 12.44491856201550
1 16908U 86061A   20120.22750774 -.00000092 +00000-0 +35691-4 0  9994
2 16908 050.0082 195.0501 0011380 238.5231 359.5733 12.44491841201601
1 16908U 86061A   20120.51389743 -.00000097  00000-0  31436-5 0  9999
2 16908  50.0082 194.1695 0011379 239.2524 202.6474 12.44491832201853
1 16908U 86061A   20120.76997830 -.00000089 +00000-0 +57906-4 0  9998
2 16908 050.0086 193.3818 0011380 239.9199 269.9172 12.44491831201672
1 16908U 86061A   20121.18167424 -.00000099 +00000-0 -13329-4 0  9996
2 16908 050.0081 192.1163 0011381 240.9782 314.3750 12.44491840201721
1 16908U 86061A   20121.80732799 -.00000099  00000-0 -11866-4 0  9992
2 16908  50.0080 190.1925 0011381 242.5988 237.3821 12.44491862202010
1 16908U 86061A   20121.80732799 -.00000099 +00000-0 -11866-4 0  9992
2 16908 050.0080 190.1925 0011381 242.5988 237.3821 12.44491862201806
1 16908U 86061A   20122.19154963 -.00000098 +00000-0 -74456-5 0  9990
2 16908 050.0079 189.0111 0011385 243.5873 158.7499 12.44491864201850
1 16908U 86061A   20122.78057503 -.00000098 +00000-0 -68605-5 0  9996
2 16908 050.0078 187.1999 0011381 245.1014 277.6691 12.44491873201926
1 16908U 86061A   20123.23624307 -.00000100  00000-0 -21175-4 0  9993
2 16908  50.0077 185.7988 0011384 246.2701 159.1303 12.44491866202191
1 16908U 86061A   20123.57915340 -.00000096 +00000-0 +11938-4 0  9999
2 16908 050.0077 184.7444 0011382 247.1556 255.4142 12.44491872202023
1 16908U 86061A   20123.74172388 -.00000096 +00000-0 +10437-4 0  9998
2 16908 050.0076 184.2445 0011382 247.5760 263.7510 12.44491876202046
1 16908U 86061A   20124.24055587 -.00000091 +00000-0 +46784-4 0  9994
2 16908 050.0075 182.7106 0011384 248.8473 338.6016 12.44491891202319
1 16908U 86061A   20124.92466307 -.00000082 +00000-0 +11083-3 0  9998
2 16908 050.0074 180.6071 0011383 250.6190 163.4876 12.44491915202193
1 16908U 86061A   20125.24236039 -.00000083  00000-0  10307-3 0  9990
2 16908  50.0074 179.6302 0011387 251.4301 146.8231 12.44491906202443
1 16908U 86061A   20125.57486613 -.00000082 +00000-0 +10465-3 0  9995
2 16908 050.0073 178.6078 0011386 252.2950 196.4867 12.44491902202272
1 16908U 86061A   20125.91584530 -.00000079 +00000-0 +12891-3 0  9991
2 16908 050.0073 177.5593 0011387 253.1867 284.1077 12.44491918202310
1 16908U 86061A   20126.22165685 -.00000078 +00000-0 +13776-3 0  9994
2 16908 050.0073 176.6189 0011388 253.9541 214.2065 12.44491926202353
1 16908U 86061A   20126.45176567 -.00000074  00000-0  16616-3 0  9992
2 16908  50.0072 175.9113 0011387 254.5497 165.1232 12.44491935202593
1 16908U 86061A   20126.71341615 -.00000076 +00000-0 +14972-3 0  9994
2 16908 050.0072 175.1068 0011386 255.2294 257.3482 12.44491932202415
1 16908U 86061A   20127.21349128 -.00000071 +00000-0 +18803-3 0  9999
2 16908 050.0072 173.5690 0011389 256.5030 337.7693 12.44491958202474
1 16908U 86061A   20127.75031708 -.00000064  00000-0  23482-3 0  9991
2 16908  50.0071 171.9184 0011387 257.9037 222.8061 12.44491993202756
1 16908U 86061A   20127.89626218 -.00000063 +00000-0 +23963-3 0  9995
2 16908 050.0071 171.4696 0011388 258.2815 156.6587 12.44491998202569
1 16908U 86061A   20128.36999428 -.00000066 +00000-0 +22236-3 0  9999
2 16908 050.0071 170.0129 0011390 259.4872 119.0595 12.44492007202625
1 16908U 86061A   20128.84114583 -.00000076  00000-0  14905-3 0  9998
2 16908  50.0071 168.5641 0011390 260.7149  69.8704 12.44491991202881
1 16908U 86061A   20128.88735148 -.00000075 +00000-0 +15454-3 0  9997
2 16908 050.0071 168.4220 0011391 260.8343 276.8778 12.44491993202682
1 16908U 86061A   20129.26685625 -.00000094 +00000-0 +23030-4 0  9995
2 16908 050.0077 167.2549 0011391 261.7935 177.1317 12.44491992202733
1 16908U 86061A   20129.90469917 -.00000081 +00000-0 +11653-3 0  9993
2 16908 050.0070 165.2937 0011391 263.4479 154.7453 12.44492025202816
1 16908U 86061A   20130.15550962 -.00000095  00000-0  16736-4 0  9996
2 16908  50.0076 164.5223 0011391 264.0799 198.4259 12.44491994203054
1 16908U 86061A   20130.55591220 -.00000082 +00000-0 +10626-3 0  9999
2 16908 050.0069 163.2913 0011388 265.1228 192.2737 12.44492050202891
1 16908U 86061A   20130.86761969 -.00000086 +00000-0 +79625-4 0  9991
2 16908 050.0069 162.3329 0011391 265.9369 148.7559 12.44492055202938
1 16908U 86061A   20131.20047083 -.00000092  00000-0  34896-4 0  9992
2 16908  50.0069 161.3093 0011390 266.7738 199.9965 12.44492053203188
1 16908U 86061A   20131.53348583 -.00000093 +00000-0 +27659-4 0  9997
2 16908 050.0068 160.2854 0011390 267.6353 251.9467 12.44492060203019
1 16908U 86061A   20131.91558406 -.00000098 +00000-0 -30192-5 0  9999
2 16908 050.0068 159.1104 0011392 268.6293 163.7908 12.44492061203066
1 16908U 86061A   20132.49834587 -.00000103  00000-0 -40156-4 0  9997
2 16908  50.0067 157.3185 0011389 270.1272 254.6489 12.44492060203349
1 16908U 86061A   20132.58150816 -.00000104 +00000-0 -47032-4 0  9994
2 16908 050.0067 157.0627 0011389 270.3437 267.2254 12.44492060203140
1 16908U 86061A   20132.87628855 -.00000108 +00000-0 -73621-4 0  9996
2 16908 050.0067 156.1563 0011393 271.1131 147.8729 12.44492049203185
1 16908U 86061A   20133.28440066 -.00000111 +00000-0 -94023-4 0  9991
2 16908 050.0067 154.9013 0011393 272.1327 176.3043 12.44492046203238
1 16908U 86061A   20133.54528699 -.00000107  00000-0 -69088-4 0  9997
2 16908  50.0066 154.0991 0011391 272.8101 265.1063 12.44492057203475
1 16908U 86061A   20133.92276900 -.00000109 +00000-0 -80427-4 0  9996
2 16908 050.0066 152.9383 0011396 273.7867 156.2745 12.44492045203318
1 16908U 86061A   20134.58046045 -.00000108 +00000-0 -77319-4 0  9999
2 16908 050.0066 150.9159 0011394 275.4865 222.8188 12.44492039203394
1 16908U 86061A   20134.80197053 -.00000109  00000-0 -82285-4 0  9999
2 16908  50.0066 150.2347 0011397 276.0612 135.2110 12.44492035203631
1 16908U 86061A   20134.95261141 -.00000106 +00000-0 -64482-4 0  9991
2 16908 050.0065 149.7715 0011399 276.4418 090.1107 12.44492034203445
1 16908U 86061A   20135.22015852 -.00000107 +00000-0 -67203-4 0  9993
2 16908 050.0065 148.9488 0011397 277.1169 208.7734 12.44492036203470
1 16908U 86061A   20135.96413243 -.00000100 +00000-0 -22308-4 0  9990
2 16908 050.0065 146.6610 0011398 279.0513 301.8628 12.44492028203565
1 16908U 86061A   20136.51702453 -.00000097  00000-0  45810-5 0  9994
2 16908  50.0065 144.9608 0011395 280.4914 258.8809 12.44492031203848
1 16908U 86061A   20136.59039772 -.00000096 +00000-0 +10475-4 0  9996
2 16908 050.0065 144.7352 0011396 280.6839 227.5997 12.44492036203645
1 16908U 86061A   20136.96141421 -.00000088 +00000-0 +68464-4 0  9994
2 16908 050.0065 143.5943 0011399 281.6509 089.7942 12.44492045203699
1 16908U 86061A   20137.55210416 -.00000083 +00000-0 +99378-4 0  9994
2 16908 050.0066 141.7779 0011397 283.1634 216.1770 12.44492065203979
1 16908U 86061A   20137.85913896 -.00000080 +00000-0 +12161-3 0  9990
2 16908 050.0066 140.8338 0011401 283.9603 151.7301 12.44492068203809
1 16908U 86061A   20138.24792949 -.00000087 +00000-0 +70479-4 0  9992
2 16908 050.0066 139.6382 0011400 284.9460 093.5820 12.44492049203858
1 16908U 86061A   20138.90377605 -.00000104 +00000-0 -49477-4 0  9998
2 16908 050.0075 137.6218 0011405 286.6405 151.8622 12.44492079203937
1 16908U 86061A   20139.55704278 -.00000108 +00000-0 -73166-4 0  9996
2 16908 050.0075 135.6130 0011395 288.3654 198.5468 12.44492060204017
1 16908U 86061A   20139.86599701 -.00000085  00000-0  85137-4 0  9997
2 16908  50.0068 134.6628 0011405 289.1212 142.7444 12.44492065204268
1 16908U 86061A   20139.95080024 -.00000105 +00000-0 -53026-4 0  9996
2 16908 050.0075 134.4022 0011408 289.3146 162.7006 12.44492068204060
1 16908U 86061A   20140.52386771 -.00000086 +00000-0 +78814-4 0  9998
2 16908 050.0068 132.6398 0011403 290.8057 210.1077 12.44492085204134
1 16908U 86061A   20140.89754177 -.00000087 +00000-0 +70089-4 0  9994
2 16908 050.0069 131.4908 0011406 291.7681 084.2203 12.44492090204187
1 16908U 86061A   20141.21851169 -.00000091  00000-0  45162-4 0  9999
2 16908  50.0069 130.5038 0011404 292.5869  82.2187 12.44492095204438
1 16908U 86061A   20141.49466444 -.00000095 +00000-0 +14437-4 0  9992
2 16908 050.0069 129.6547 0011405 293.3011 239.4190 12.44492088204253
1 16908U 86061A   20141.79242556 -.00000097 +00000-0 +19809-5 0  9992
2 16908 050.0070 128.7391 0011407 294.0692 133.4296 12.44492091204295
1 16908U 86061A   20142.37483759 -.00000097  00000-0 -10813-5 0  9996
2 16908  50.0071 126.9482 0011404 295.5784 222.7085 12.44492100204572
1 16908U 86061A   20142.46050292 -.00000099 +00000-0 -10243-4 0  9996
2 16908 050.0071 126.6848 0011405 295.7968 246.5035 12.44492099204376
1 16908U 86061A   20142.92248221 -.00000109 +00000-0 -82923-4 0  9994
2 16908 050.0072 125.2642 0011408 296.9881 156.2345 12.44492075204436
1 16908U 86061A   20143.08463624 -.00000113 +00000-0 -11193-3 0  9993
2 16908 050.0072 124.7656 0011406 297.3931 162.7200 12.44492069204451
1 16908U 86061A   20143.49565838 -.00000111  00000-0 -98737-4 0  9996
2 16908  50.0072 123.5017 0011404 298.4975 204.1113 12.44492074204716
1 16908U 86061A   20143.65925639 -.00000114 +00000-0 -11587-3 0  9993
2 16908 050.0073 122.9987 0011408 298.9158 217.0565 12.44492068204524
1 16908U 86061A   20144.38228830 -.00000118 +00000-0 -14380-3 0  9991
2 16908 050.0074 120.7754 0011406 300.7946 216.3247 12.44492048204615
1 16908U 86061A   20144.84705024 -.00000122 +00000-0 -17444-3 0  9996
2 16908 050.0075 119.3463 0011408 301.9990 138.5162 12.44492031204883
1 16908U 86061A   20145.19194444 -.00000114 +00000-0 -11771-3 0  9991
2 16908 050.0075 118.2857 0011410 302.8594 243.7188 12.44492064204716
1 16908U 86061A   20145.72543742 -.00000118 +00000-0 -14255-3 0  9993
2 16908 050.0076 116.6452 0011415 304.2357 113.8400 12.44492039204781
1 16908U 86061A   20145.80958471 -.00000117 +00000-0 -13754-3 0  9993
2 16908 050.0076 116.3865 0011416 304.4450 130.8391 12.44492037204790
1 16908U 86061A   20146.39200590 -.00000114  00000-0 -12057-3 0  9992
2 16908  50.0077 114.5955 0011413 305.9330 220.1800 12.44492037205071
1 16908U 86061A   20146.71882771 -.00000109 +00000-0 -79062-4 0  9999
2 16908 050.0078 113.5905 0011415 306.7648 244.3976 12.44492047204903
1 16908U 86061A   20147.81869140 -.00000112  00000-0 -10044-3 0  9994
2 16908  50.0080 110.2084 0011400 309.5420 131.9968 12.44491982205259
1 16908U 86061A   20147.90363177 -.00000110 +00000-0 -88079-4 0  9995
2 16908 050.0080 109.9472 0011397 309.7516 152.5508 12.44491991205055
1 16908U 86061A   20148.40305142 -.00000116 +00000-0 -13438-3 0  9991
2 16908 050.0088 108.4119 0011409 311.0550 230.0031 12.44492001205116
1 16908U 86061A   20148.78122233 -.00000117 +00000-0 -13758-3 0  9996
2 16908 050.0089 107.2491 0011410 312.0290 124.2618 12.44491988205164
1 16908U 86061A   20149.19943269 -.00000113  00000-0 -11240-3 0  9992
2 16908  50.0090 105.9631 0011410 313.0662 197.9430 12.44492003205428
1 16908U 86061A   20149.43171181 -.00000099 +00000-0 -13865-4 0  9994
2 16908 050.0084 105.2486 0011414 313.7327 158.5175 12.44491978205240
1 16908U 86061A   20149.89648059 -.00000096 +00000-0 +61400-5 0  9992
2 16908 050.0085 103.8195 0011416 314.9336 080.7429 12.44491979205303
1 16908U 86061A   20150.40124589 -.00000096  00000-0  83275-5 0  9992
2 16908  50.0086 102.2674 0011420 316.2426 182.1530 12.44491965205573
1 16908U 86061A   20150.56957020 -.00000098 +00000-0 -42726-5 0  9992
2 16908 050.0087 101.7498 0011421 316.6827 216.2629 12.44491965205389
1 16908U 86061A   20150.86057708 -.00000099 +00000-0 -13534-4 0  9994
2 16908 050.0088 100.8550 0011421 317.4234 080.0232 12.44491955205421
1 16908U 86061A   20151.45133227 -.00000098  00000-0 -58682-5 0  9994
2 16908  50.0089  99.0386 0011422 318.9580 206.6761 12.44491965205704
1 16908U 86061A   20151.58572562 -.00000099 +00000-0 -10926-4 0  9996
2 16908 050.0090 098.6254 0011424 319.3012 088.7801 12.44491963205513
1 16908U 86061A   20152.17120569 -.00000099 +00000-0 -95358-5 0  9991
2 16908 050.0091 096.8252 0011424 320.7824 191.8395 12.44491958205584
1 16908U 86061A   20152.25228042 -.00000101 +00000-0 -23145-4 0  9993
2 16908 050.0092 096.5759 0011425 321.0004 195.0563 12.44491950205595
1 16908U 86061A   20153.03961734 -.00000105 +00000-0 -56029-4 0  9993
2 16908 050.0094 094.1550 0011428 322.9960 122.4682 12.44491941205691
1 16908U 86061A   20153.83227694 -.00000112  00000-0 -10585-3 0  9995
2 16908  50.0099  91.7180 0011430 325.0399  73.6915 12.44491920206000
1 16908U 86061A   20153.91445022 -.00000112 +00000-0 -10282-3 0  9995
2 16908 050.0099 091.4653 0011429 325.2489 081.8419 12.44491920205809
1 16908U 86061A   20154.58543659 -.00000112 +00000-0 -10199-3 0  9991
2 16908 050.0100 089.4022 0011429 327.0024 207.9290 12.44491909205887
1 16908U 86061A   20154.89144889 -.00000109 +00000-0 -81204-4 0  9999
2 16908 050.0100 088.4612 0011428 327.7720 138.9254 12.44491911205921
1 16908U 86061A   20155.06734954 -.00000112  00000-0 -10124-3 0  9993
2 16908  50.0097  87.9202 0011427 328.2314 206.9791 12.44491911206157
1 16908U 86061A   20155.38307687 -.00000114 +00000-0 -11907-3 0  9999
2 16908 050.0098 086.9495 0011429 329.0638 181.4624 12.44491907205988
1 16908U 86061A   20155.84158028 -.00000117 +00000-0 -13674-3 0  9999
2 16908 050.0098 085.5397 0011429 330.2222 075.6441 12.44491889206045
1 16908U 86061A   20156.18751519 -.00000115  00000-0 -12446-3 0  9995
2 16908  50.0099  84.4760 0011430 331.1210 185.4729 12.44491885206299
1 16908U 86061A   20156.34453275 -.00000115 +00000-0 -12086-3 0  9991
2 16908 050.0099 083.9932 0011431 331.5266 168.9323 12.44491888206109
1 16908U 86061A   20156.88551139 -.00000107 +00000-0 -69049-4 0  9991
2 16908 050.0104 082.3299 0011433 332.8846 072.6267 12.44491895206178
1 16908U 86061A   20157.47269544 -.00000117  00000-0 -13949-3 0  9991
2 16908  50.0101  80.5244 0011433 334.4022 183.2884 12.44491855206450
1 16908U 86061A   20157.55737422 -.00000117 +00000-0 -13669-3 0  9994
2 16908 050.0102 080.2640 0011434 334.6150 202.6665 12.44491852206251
1 16908U 86061A   20157.68825646 -.00000115 +00000-0 -12512-3 0  9998
2 16908 050.0102 079.8616 0011434 334.9421 069.0471 12.44491848206279
1 16908U 86061A   20158.57469669 -.00000110 +00000-0 -90360-4 0  9999
2 16908 050.0103 077.1360 0011438 337.2142 080.4336 12.44491838206385
1 16908U 86061A   20158.82539793 -.00000110 +00000-0 -85406-4 0  9998
2 16908 050.0103 076.3651 0011435 337.8576 123.6123 12.44491833206416
1 16908U 86061A   20159.39191594 -.00000105 +00000-0 -56963-4 0  9994
2 16908 050.0104 074.6232 0011436 339.3371 141.6713 12.44491828206480
1 16908U 86061A   20159.78780840 -.00000104 +00000-0 -48021-4 0  9990
2 16908 050.0105 073.4059 0011435 340.3405 115.3408 12.44491816206536
1 16908U 86061A   20160.44374237 -.00000109  00000-0 -81897-4 0  9997
2 16908  50.0109  71.3894 0011441 342.0161 174.0300 12.44491855206827
1 16908U 86061A   20160.52887486 -.00000109 +00000-0 -80413-4 0  9994
2 16908 050.0109 071.1276 0011442 342.2239 195.4469 12.44491852206626
1 16908U 86061A   20160.91840163 -.00000101 +00000-0 -26341-4 0  9990
2 16908 050.0107 069.9297 0011440 343.2195 140.5884 12.44491800206672
1 16908U 86061A   20161.54620363 -.00000096 +00000-0 +64828-5 0  9993
2 16908 050.0108 067.9994 0011445 344.8323 073.2328 12.44491805206759
1 16908U 86061A   20161.78206286 -.00000097  00000-0  38248-5 0  9991
2 16908  50.0108  67.2742 0011443 345.4326  49.9219 12.44491802206993
1 16908U 86061A   20161.88126434 -.00000097 +00000-0 +45927-5 0  9990
2 16908 050.0108 066.9692 0011442 345.6882 134.3583 12.44491802206792
1 16908U 86061A   20162.50909588 -.00000095 +00000-0 +15138-4 0  9997
2 16908 050.0109 065.0389 0011447 347.2907 067.1452 12.44491799206879
1 16908U 86061A   20162.84192076 -.00000102  00000-0 -31055-4 0  9996
2 16908  50.0112  64.0156 0011446 348.1246 118.2708 12.44491846207123
1 16908U 86061A   20162.91717296 -.00000091 +00000-0 +46855-4 0  9991
2 16908 050.0110 063.7841 0011443 348.3367 095.3925 12.44491820206926
1 16908U 86061A   20163.32654969 -.00000094 +00000-0 +26901-4 0  9997
2 16908 050.0110 062.5255 0011443 349.4199 129.4283 12.44491821206979
1 16908U 86061A   20163.80632294 -.00000097 +00000-0 +14895-5 0  9990
2 16908 050.0110 061.0503 0011442 350.6430 118.8917 12.44491817207039
1 16908U 86061A   20164.13576007 -.00000101  00000-0 -25950-4 0  9996
2 16908  50.0113  60.0374 0011443 351.4813 154.8262 12.44491833207280
1 16908U 86061A   20164.29906537 -.00000097 +00000-0 +19185-5 0  9995
2 16908 050.0111 059.5353 0011444 351.9208 166.4375 12.44491818207098
1 16908U 86061A   20164.85282498 -.00000103 +00000-0 -35889-4 0  9997
2 16908 050.0114 057.8326 0011442 353.3112 127.3935 12.44491816207164
1 16908U 86061A   20165.18318510 -.00000104  00000-0 -47640-4 0  9998
2 16908  50.0114  56.8169 0011446 354.1644 167.4503 12.44491809207417
1 16908U 86061A   20165.56421831 -.00000106 +00000-0 -58514-4 0  9995
2 16908 050.0114 055.6453 0011447 355.1325 074.5453 12.44491795207256
1 16908U 86061A   20165.95289741 -.00000101 +00000-0 -27998-4 0  9997
2 16908 050.0112 054.4504 0011446 356.1402 015.8750 12.44491812207308
1 16908U 86061A   20166.22211358 -.00000099  00000-0 -13448-4 0  9998
2 16908  50.0112  53.6227 0011450 356.8381 141.9964 12.44491823207545
1 16908U 86061A   20166.91421970 -.00000102 +00000-0 -32544-4 0  9990
2 16908 050.0112 051.4946 0011450 358.5938 002.7550 12.44491816207420
1 16908U 86061A   20167.48933642 -.00000103  00000-0 -36971-4 0  9996
2 16908  50.0112  49.7263 0011452   0.0764  59.3564 12.44491815207703
1 16908U 86061A   20167.57358552 -.00000102 +00000-0 -31187-4 0  9990
2 16908 050.0112 049.4673 0011452 000.2891 076.8083 12.44491815207506
1 16908U 86061A   20167.89746863 -.00000102 +00000-0 -32791-4 0  9993
2 16908 050.0112 048.4714 0011452 001.1242 087.8489 12.44491815207547
1 16908U 86061A   20168.23190797 -.00000099 +00000-0 -11170-4 0  9994
2 16908 050.0115 047.4429 0011458 001.9517 146.2172 12.44491820207580
1 16908U 86061A   20168.78416043 -.00000100  00000-0 -20296-4 0  9991
2 16908  50.0111  45.7450 0011457   3.3800 100.3792 12.44491805207864
1 16908U 86061A   20168.93423775 -.00000103 +00000-0 -40473-4 0  9990
2 16908 050.0111 045.2836 0011460 003.7571 052.7558 12.44491786207677
1 16908U 86061A   20169.58304861 -.00000097 +00000-0 +97388-6 0  9996
2 16908 050.0111 043.2887 0011461 005.4171 079.5295 12.44491795207751
1 16908U 86061A   20169.83310286 -.00000099  00000-0 -77530-5 0  9991
2 16908  50.0115  42.5197 0011459   6.0449 119.8236 12.44491822207993
1 16908U 86061A   20169.90479264 -.00000103 +00000-0 -35661-4 0  9995
2 16908 050.0111 042.2994 0011460 006.2451 080.9882 12.44491774207797
1 16908U 86061A   20170.54522010 -.00000101 +00000-0 -27183-4 0  9993
2 16908 050.0115 040.3301 0011460 007.8707 070.2161 12.44491807207871
1 16908U 86061A   20170.93880274 -.00000091 +00000-0 +45534-4 0  9992
2 16908 050.0111 039.1201 0011461 008.8949 033.5103 12.44491804207923
1 16908U 86061A   20171.11791880 -.00000093  00000-0  31337-4 0  9995
2 16908  50.0111  38.5693 0011463   9.3587 115.9726 12.44491801208156
1 16908U 86061A   20171.59225653 -.00000093 +00000-0 +33924-4 0  9991
2 16908 050.0111 037.1108 0011463 010.5570 081.0949 12.44491793208002
1 16908U 86061A   20171.89777483 -.00000091 +00000-0 +46238-4 0  9997
2 16908 050.0111 036.1714 0011464 011.3355 009.8678 12.44491797208040
1 16908U 86061A   20172.16540045 -.00000089  00000-0  57049-4 0  9999
2 16908  50.0111  35.3486 0011467  12.0248 128.8676 12.44491806208286
1 16908U 86061A   20172.47011429 -.00000090 +00000-0 +54252-4 0  9997
2 16908 050.0112 034.4116 0011469 012.7780 054.0596 12.44491801208115
1 16908U 86061A   20172.87657668 -.00000101 +00000-0 -27507-4 0  9999
2 16908 050.0115 033.1617 0011466 013.8125 075.0803 12.44491803208163
1 16908U 86061A   20173.51688090 -.00000097  00000-0  57412-5 0  9996
2 16908  50.0112  31.1931 0011468  15.4546  63.7389 12.44491786208459
1 16908U 86061A   20173.58839852 -.00000099 +00000-0 -10911-4 0  9992
2 16908 050.0115 030.9730 0011465 015.6307 024.1561 12.44491815208254
1 16908U 86061A   20173.90467341 -.00000087 +00000-0 +74517-4 0  9996
2 16908 050.0112 030.0007 0011465 016.4681 001.0887 12.44491830208299
1 16908U 86061A   20174.17612887 -.00000090 +00000-0 +52935-4 0  9997
2 16908 050.0112 029.1661 0011468 017.1594 137.2546 12.44491824208329
1 16908U 86061A   20174.55174209 -.00000091  00000-0  42456-4 0  9998
2 16908  50.0112  28.0111 0011469  18.0981  20.0827 12.44491812208584
1 16908U 86061A   20174.88613688 -.00000094 +00000-0 +21938-4 0  9998
2 16908 050.0112 026.9829 0011473 018.9447 078.2325 12.44491805208410
1 16908U 86061A   20175.06314421 -.00000093 +00000-0 +31970-4 0  9998
2 16908 050.0111 026.4387 0011475 019.4018 151.2487 12.44491811208435
1 16908U 86061A   20175.67716052 -.00000095  00000-0  19926-4 0  9990
2 16908  50.0111  24.5507 0011473  20.9597  22.1509 12.44491822208720
1 16908U 86061A   20176.57319476 -.00000096 +00000-0 +85686-5 0  9997
2 16908 050.0111 021.7956 0011473 023.2543 076.5221 12.44491830208626
1 16908U 86061A   20176.81240696 -.00000097  00000-0  16995-5 0  9999
2 16908  50.0111  21.0601 0011474  23.8639  68.2326 12.44491829208867
1 16908U 86061A   20176.90698281 -.00000097 +00000-0 +54659-5 0  9995
2 16908 050.0111 020.7693 0011476 024.1121 131.9409 12.44491824208669
1 16908U 86061A   20177.61777765 -.00000097 +00000-0 +40363-5 0  9996
2 16908 050.0114 018.5835 0011472 025.9101 076.4333 12.44491828208751
1 16908U 86061A   20177.85776698 -.00000099  00000-0 -90458-5 0  9999
2 16908  50.0114  17.8455 0011478  26.5123  71.6348 12.44491820208999
1 16908U 86061A   20177.95067691 -.00000102 +00000-0 -29502-4 0  9992
2 16908 050.0114 017.5599 0011480 026.7483 127.8874 12.44491808208791
1 16908U 86061A   20178.57918153 -.00000095 +00000-0 +19639-4 0  9999
2 16908 050.0114 015.6273 0011482 028.3418 063.7008 12.44491833208871
1 16908U 86061A   20178.91717454 -.00000095 +00000-0 +17387-4 0  9996
2 16908 050.0109 014.5883 0011486 029.2172 137.9517 12.44491821208912
1 16908U 86061A   20179.14730801 -.00000096  00000-0  98279-5 0  9994
2 16908  50.0109  13.8806 0011487  29.7985  88.9932 12.44491828209157
1 16908U 86061A   20179.23579800 -.00000098 +00000-0 -27690-5 0  9996
2 16908 050.0109 013.6085 0011489 030.0141 125.4528 12.44491821208953
1 16908U 86061A   20179.86294493 -.00000094 +00000-0 +27272-4 0  9997
2 16908 050.0109 011.6801 0011480 031.6436 055.1441 12.44491838209033
1 16908U 86061A   20180.11963545 -.00000096 +00000-0 +12354-4 0  9995
2 16908 050.0109 010.8908 0011488 032.2766 125.1815 12.44491829209069
1 16908U 86061A   20180.57696981 -.00000097  00000-0  35661-5 0  9990
2 16908  50.0109   9.4845 0011485  33.4408  14.1167 12.44491819209332
1 16908U 86061A   20180.92491904 -.00000093 +00000-0 +31053-4 0  9993
2 16908 050.0109 008.4146 0011491 034.3265 132.9880 12.44491826209163
1 16908U 86061A   20181.07319074 -.00000098 +00000-0 -58904-5 0  9998
2 16908 050.0114 007.9587 0011486 034.6804 077.2941 12.44491842209187
1 16908U 86061A   20181.88619146 -.00000096  00000-0  84982-5 0  9992
2 16908  50.0114   5.4589 0011484  36.7441 119.6806 12.44491849209492
1 16908U 86061A   20182.59867098 -.00000092 +00000-0 +36453-4 0  9997
2 16908 050.0109 003.2680 0011486 038.5803 071.6869 12.44491841209373
1 16908U 86061A   20182.85014229 -.00000091 +00000-0 +45055-4 0  9993
2 16908 050.0110 002.4948 0011488 039.2207 118.3206 12.44491842209400
1 16908U 86061A   20183.09206321 -.00000091  00000-0  47700-4 0  9995
2 16908  50.0110   1.7509 0011486  39.8435 122.1604 12.44491861209644
1 16908U 86061A   20183.56094206 -.00000100 +00000-0 -20345-4 0  9992
2 16908 050.0114 000.3094 0011482 041.0054 062.8485 12.44491842209499
1 16908U 86061A   20183.89185258 -.00000094 +00000-0 +26819-4 0  9999
2 16908 050.0114 359.2919 0011485 041.8466 105.3848 12.44491870209531
1 16908U 86061A   20184.21844235 -.00000088  00000-0  65371-4 0  9992
2 16908  50.0110 358.2875 0011486  42.7010 128.5394 12.44491883209787
1 16908U 86061A   20184.85997703 -.00000093 +00000-0 +33521-4 0  9999
2 16908 050.0110 356.3149 0011490 044.3319 122.7253 12.44491859209654
1 16908U 86061A   20185.22291667 -.00000094  00000-0  23139-4 0  9992
2 16908  50.0110 355.1989 0011492  45.2342 308.7781 12.44491867209900
1 16908U 86061A   20185.90348890 -.00000096 +00000-0 +81508-5 0  9995
2 16908 050.0110 353.1063 0011491 046.9821 117.8413 12.44491862209782
1 16908U 86061A   20186.53256869 -.00000097  00000-0  56711-5 0  9998
2 16908  50.0114 351.1722 0011484  48.5493  56.2591 12.44491874210071
1 16908U 86061A   20186.59915303 -.00000096 +00000-0 +93895-5 0  9992
2 16908 050.0114 350.9675 0011483 048.7228 354.5643 12.44491877209873
1 16908U 86061A   20186.95086458 -.00000100 +00000-0 -18903-4 0  9995
2 16908 050.0110 349.8859 0011494 049.6258 130.2841 12.44491861209912
1 16908U 86061A   20187.57820993 -.00000098 +00000-0 -54274-5 0  9992
2 16908 050.0110 347.9569 0011489 051.2177 060.9025 12.44491871209994
1 16908U 86061A   20187.91103884 -.00000097  00000-0  40792-5 0  9991
2 16908  50.0110 346.9336 0011494  52.0599 112.0374 12.44491869210241
1 16908U 86061A   20188.53893455 -.00000096 +00000-0 +78656-5 0  9999
2 16908 050.0110 345.0029 0011489 053.6528 045.1220 12.44491883210111
1 16908U 86061A   20188.87483803 -.00000100 +00000-0 -14784-4 0  9996
2 16908 050.0110 343.9701 0011492 054.5055 110.0286 12.44491862210159
1 16908U 86061A   20189.11862958 -.00000099  00000-0 -10405-4 0  9999
2 16908  50.0114 343.2206 0011487  55.0961 122.2858 12.44491880210398
1 16908U 86061A   20189.50456181 -.00000095 +00000-0 +14811-4 0  9999
2 16908 050.0114 342.0339 0011482 056.0818 051.3242 12.44491896210238
1 16908U 86061A   20189.92078212 -.00000094 +00000-0 +22119-4 0  9999
2 16908 050.0110 340.7540 0011489 057.1462 116.0570 12.44491883210281
1 16908U 86061A   20190.54830336 -.00000092  00000-0  36584-4 0  9991
2 16908  50.0110 338.8245 0011482  58.7395  47.4625 12.44491896210570
1 16908U 86061A   20190.88286153 -.00000088 +00000-0 +69438-4 0  9999
2 16908 050.0110 337.7958 0011488 059.5815 106.3492 12.44491902210408
1 16908U 86061A   20191.43193387 -.00000087 +00000-0 +77455-4 0  9994
2 16908 050.0109 336.1075 0011485 060.9693 046.2962 12.44491908210473
1 16908U 86061A   20191.65315815 -.00000089  00000-0  58184-4 0  9990
2 16908  50.0110 335.4273 0011481  61.5389 317.4119 12.44491895210711
1 16908U 86061A   20191.84607616 -.00000088 +00000-0 +70051-4 0  9990
2 16908 050.0110 334.8341 0011485 062.0225 101.7248 12.44491901210523
1 16908U 86061A   20192.47293258 -.00000099 +00000-0 -87358-5 0  9995
2 16908 050.0114 332.9069 0011484 063.5878 030.1781 12.44491907210604
1 16908U 86061A   20192.81057559 -.00000089  00000-0  61851-4 0  9992
2 16908  50.0110 331.8685 0011489  64.4489 102.8742 12.44491899210856
1 16908U 86061A   20192.88416299 -.00000090 +00000-0 +53505-4 0  9998
2 16908 050.0110 331.6422 0011490 064.6314 072.5631 12.44491896210659
1 16908U 86061A   20193.52238226 -.00000095 +00000-0 +14701-4 0  9992
2 16908 050.0114 329.6801 0011485 066.2399 051.9098 12.44491922210733
1 16908U 86061A   20193.85631666 -.00000085 +00000-0 +85824-4 0  9996
2 16908 050.0110 328.6531 0011489 067.0913 107.9909 12.44491922210770
1 16908U 86061A   20193.92970021 -.00000086 +00000-0 +82538-4 0  9995
2 16908 050.0110 328.4275 0011489 067.2740 076.7657 12.44491924210992
1 16908U 86061A   20194.89164312 -.00000087 +00000-0 +73596-4 0  9995
2 16908 050.0110 325.4698 0011488 069.7079 066.4479 12.44491940210906
1 16908U 86061A   20195.52141921 -.00000091  00000-0  47977-4 0  9996
2 16908  50.0110 323.5334 0011477  71.3143   7.9485 12.44491951211192
1 16908U 86061A   20195.60470390 -.00000089 +00000-0 +62492-4 0  9996
2 16908 050.0110 323.2773 0011477 071.5231 021.0812 12.44491958210991
1 16908U 86061A   20195.86444905 -.00000090 +00000-0 +51362-4 0  9993
2 16908 050.0110 322.4787 0011480 072.1709 104.7968 12.44491959211025
1 16908U 86061A   20196.57726098 -.00000097 +00000-0 +52167-5 0  9990
2 16908 050.0110 320.2870 0011479 073.9756 058.3250 12.44491947211118
1 16908U 86061A   20196.74565084 -.00000096  00000-0  84870-5 0  9990
2 16908  50.0109 319.7692 0011481  74.3953  92.7490 12.44491947211341
1 16908U 86061A   20196.89394307 -.00000097 +00000-0 +43083-5 0  9996
2 16908 050.0109 319.3133 0011482 074.7633 037.1328 12.44491949211151
1 16908U 86061A   20197.59550410 -.00000097 +00000-0 +63104-5 0  9999
2 16908 050.0109 317.1562 0011476 076.5466 300.2478 12.44491957211249
1 16908U 86061A   20197.85659312 -.00000097  00000-0  46556-5 0  9991
2 16908  50.0108 316.3534 0011478  77.1950  29.9871 12.44491957211483
1 16908U 86061A   20198.58671646 -.00000096 +00000-0 +11046-4 0  9990
2 16908 050.0107 314.1085 0011478 079.0412 061.0759 12.44491962211368
1 16908U 86061A   20198.75337578 -.00000094 +00000-0 +21583-4 0  9997
2 16908 050.0107 313.5961 0011476 079.4605 087.7428 12.44491970211389
1 16908U 86061A   20199.13086171 -.00000100  00000-0 -15171-4 0  9995
2 16908  50.0107 312.4355 0011477  80.3944 338.9707 12.44491950211640
1 16908U 86061A   20199.60281269 -.00000093 +00000-0 +29922-4 0  9991
2 16908 050.0106 310.9844 0011481 081.6004 293.3864 12.44491965211498
1 16908U 86061A   20199.86549722 -.00000097 +00000-0 +29608-5 0  9996
2 16908 050.0106 310.1767 0011480 082.2604 030.2663 12.44491950211529
1 16908U 86061A   20200.20047142 -.00000093  00000-0  30768-4 0  9990
2 16908  50.0105 309.1468 0011477  83.1004  91.0201 12.44491957211771
1 16908U 86061A   20200.60589120 -.00000086 +00000-0 +79172-4 0  9995
2 16908 050.0105 307.9002 0011475 084.1400 107.3619 12.44491984211617
1 16908U 86061A   20200.91108771 -.00000087 +00000-0 +75784-4 0  9994
2 16908 050.0104 306.9618 0011475 084.8987 034.7122 12.44491990211658
1 16908U 86061A   20201.54650150 -.00000080  00000-0  12638-3 0  9998
2 16908  50.0103 305.0081 0011470  86.5185   1.4715 12.44492012211942
1 16908U 86061A   20201.61218760 -.00000081 +00000-0 +11616-3 0  9999
2 16908 050.0103 304.8061 0011469 086.6859 295.7561 12.44492003211749
1 16908U 86061A   20201.87393817 -.00000085 +00000-0 +86731-4 0  9999
2 16908 050.0103 304.0013 0011466 087.3395 028.4558 12.44491993211775
1 16908U 86061A   20202.43767743 -.00000079 +00000-0 +13272-3 0  9997
2 16908 050.0102 302.2679 0011465 088.7781 034.0998 12.44492021211847
1 16908U 86061A   20202.83703403 -.00000080  00000-0  12600-3 0  9990
2 16908  50.0101 301.0400 0011463  89.7754  23.3044 12.44492026212102
1 16908U 86061A   20203.39735163 -.00000077 +00000-0 +14115-3 0  9999
2 16908 050.0101 299.3171 0011465 091.1978 013.6263 12.44492031211967
1 16908U 86061A   20203.97507885 -.00000072  00000-0  17726-3 0  9997
2 16908  50.0100 297.5407 0011462  92.6328  81.9781 12.44492059212245
1 16908U 86061A   20203.97507885 -.00000072 +00000-0 +17726-3 0  9997
2 16908 050.0100 297.5407 0011462 092.6328 081.9781 12.44492059212032
1 16908U 86061A   20204.58402207 -.00000071 +00000-0 +18922-3 0  9995
2 16908 050.0099 295.6684 0011461 094.1910 290.1392 12.44492076212118
1 16908U 86061A   20204.84581044 -.00000071 +00000-0 +18709-3 0  9994
2 16908 050.0099 294.8634 0011459 094.8397 023.0134 12.44492092212145
1 16908U 86061A   20205.22421244 -.00000074  00000-0  16522-3 0  9996
2 16908  50.0098 293.6999 0011457  95.7980 278.3236 12.44492088212403
1 16908U 86061A   20205.55714184 -.00000073 +00000-0 +17079-3 0  9997
2 16908 050.0098 292.6762 0011457 096.6509 329.8987 12.44492105212233
1 16908U 86061A   20205.80857934 -.00000077 +00000-0 +14213-3 0  9997
2 16908 050.0097 291.9031 0011455 097.2767 016.3958 12.44492108212266
1 16908U 86061A   20206.51923948 -.00000079  00000-0  13118-3 0  9990
2 16908  50.0096 289.7180 0011455  99.0752 320.2848 12.44492116212566
1 16908U 86061A   20206.85407667 -.00000082 +00000-0 +11204-3 0  9990
2 16908 050.0095 288.6885 0011455 099.9056 020.4345 12.44492127212395
1 16908U 86061A   20207.19136859 -.00000083 +00000-0 +10142-3 0  9991
2 16908 050.0095 287.6514 0011454 100.7611 091.5628 12.44492126212437
1 16908U 86061A   20207.81731591 -.00000088  00000-0  67644-4 0  9999
2 16908  50.0094 285.7268 0011454 102.3388  15.9295 12.44492138212725
1 16908U 86061A   20208.52864345 -.00000087 +00000-0 +72596-4 0  9993
2 16908 050.0092 283.5396 0011449 104.1488 322.7990 12.44492165212604
1 16908U 86061A   20208.95374622 -.00000092 +00000-0 +36897-4 0  9994
2 16908 050.0091 282.2325 0011445 105.2057 067.3572 12.44492164212653
1 16908U 86061A   20209.20198719 -.00000091  00000-0  45417-4 0  9991
2 16908  50.0090 281.4692 0011444 105.8424  99.5144 12.44492170212898
1 16908U 86061A   20209.59043946 -.00000085 +00000-0 +86946-4 0  9999
2 16908 050.0089 280.2748 0011445 106.8139 039.8641 12.44492198212732
1 16908U 86061A   20209.82586414 -.00000090 +00000-0 +52169-4 0  9993
2 16908 050.0089 279.5509 0011440 107.4012 014.6190 12.44492196212761
1 16908U 86061A   20210.22412010 -.00000094  00000-0  24859-4 0  9998
2 16908  50.0088 278.3263 0011437 108.4257 358.8629 12.44492175213029
1 16908U 86061A   20210.55797979 -.00000082 +00000-0 +11265-3 0  9997
2 16908 050.0092 277.2994 0011435 109.2759 054.6106 12.44492225212854
1 16908U 86061A   20210.96265626 -.00000095 +00000-0 +19684-4 0  9999
2 16908 050.0086 276.0555 0011430 110.2866 067.6500 12.44492179212909
1 16908U 86061A   20211.26854990 -.00000084 +00000-0 +92001-4 0  9993
2 16908 050.0091 275.1145 0011432 111.0779 358.0930 12.44492228212947
1 16908U 86061A   20211.40533285 -.00000091  00000-0  48221-4 0  9993
2 16908  50.0085 274.6943 0011431 111.4174 250.9128 12.44492190213175
1 16908U 86061A   20211.92883161 -.00000088 +00000-0 +66960-4 0  9997
2 16908 050.0083 273.0846 0011427 112.7110 076.3157 12.44492201213026
1 16908U 86061A   20212.47095063 -.00000075  00000-0  16113-3 0  9994
2 16908  50.0082 271.4176 0011426 114.0890 345.1035 12.44492247213305
1 16908U 86061A   20212.56186757 -.00000073 +00000-0 +16962-3 0  9995
2 16908 050.0082 271.1381 0011427 114.3090 032.4383 12.44492252213102
1 16908U 86061A   20212.88809039 -.00000073 +00000-0 +17574-3 0  9995
2 16908 050.0081 270.1350 0011419 115.1316 053.9803 12.44492264213149
1 16908U 86061A   20213.52958793 -.00000072  00000-0  17651-3 0  9994
2 16908  50.0080 268.1624 0011421 116.7506  48.0128 12.44492257213439
1 16908U 86061A   20213.90558123 -.00000076 +00000-0 +15120-3 0  9992
2 16908 050.0079 267.0062 0011416 117.6962 292.5386 12.44492257213275
1 16908U 86061A   20214.23723799 -.00000088 +00000-0 +68112-4 0  9995
2 16908 050.0085 265.9861 0011418 118.5588 338.4002 12.44492298213317
1 16908U 86061A   20214.57354480 -.00000089  00000-0  58671-4 0  9999
2 16908  50.0085 264.9520 0011418 119.3884  45.1388 12.44492297213561
1 16908U 86061A   20214.86870088 -.00000091 +00000-0 +48814-4 0  9999
2 16908 050.0084 264.0444 0011415 120.1286 287.4998 12.44492297213398
1 16908U 86061A   20215.23077437 -.00000086 +00000-0 +79681-4 0  9998
2 16908 050.0083 262.9310 0011415 121.0577 109.6438 12.44492323213438
1 16908U 86061A   20215.68627035 -.00000064 +00000-0 +23676-3 0  9990
2 16908 050.0076 261.5306 0011417 122.1826 350.3776 12.44492347213707
1 16908U 86061A   20216.58237168 -.00000063 +00000-0 +24134-3 0  9993
2 16908 050.0075 258.7751 0011411 124.4536 045.0755 12.44492391213608
1 16908U 86061A   20216.73190451 -.00000066  00000-0  22014-3 0  9991
2 16908  50.0075 258.3153 0011410 124.8333 355.0094 12.44492396213838
1 16908U 86061A   20216.87712059 -.00000071 +00000-0 +18997-3 0  9991
2 16908 050.0074 257.8688 0011405 125.1947 285.6105 12.44492389213645
1 16908U 86061A   20217.54509891 -.00000076 +00000-0 +15436-3 0  9994
2 16908 050.0073 255.8148 0011403 126.8813 038.2821 12.44492407213728
1 16908U 86061A   20217.82603009 -.00000080  00000-0  12093-3 0  9992
2 16908  50.0073 254.9510 0011399 127.5911 216.9076 12.44492414213963
1 16908U 86061A   20217.92318959 -.00000081 +00000-0 +11546-3 0  9993
2 16908 050.0073 254.6522 0011398 127.8420 292.1953 12.44492412213777
1 16908U 86061A   20218.59027829 -.00000085 +00000-0 +86991-4 0  9991
2 16908 050.0072 252.6009 0011397 129.5277 040.8799 12.44492426213852
1 16908U 86061A   20218.88604844 -.00000088 +00000-0 +66534-4 0  9995
2 16908 050.0072 251.6915 0011393 130.2790 285.9827 12.44492430213895
1 16908U 86061A   20219.53684601 -.00000092 +00000-0 +35383-4 0  9990
2 16908 050.0071 249.6903 0011391 131.9307 321.6729 12.44492438213974
1 16908U 86061A   20219.93237847 -.00000091 +00000-0 +42484-4 0  9999
2 16908 050.0077 248.4738 0011383 132.9163 293.7472 12.44492400214025
1 16908U 86061A   20220.51613247 -.00000105  00000-0 -50386-4 0  9994
2 16908  50.0069 246.6790 0011390 134.4090  29.0594 12.44492415214300
1 16908U 86061A   20220.59859122 -.00000091 +00000-0 +44635-4 0  9999
2 16908 050.0076 246.4252 0011386 134.6168 038.4902 12.44492411214103
1 16908U 86061A   20220.89583833 -.00000092 +00000-0 +36207-4 0  9992
2 16908 050.0076 245.5112 0011382 135.3679 290.2139 12.44492410214142
1 16908U 86061A   20221.55196429 -.00000104 +00000-0 -47627-4 0  9990
2 16908 050.0068 243.4938 0011383 137.0253 349.7848 12.44492422214223
1 16908U 86061A   20221.80302351 -.00000103  00000-0 -41630-4 0  9998
2 16908  50.0067 242.7218 0011377 137.6528  34.5850 12.44492427214462
1 16908U 86061A   20221.85763404 -.00000102 +00000-0 -33030-4 0  9997
2 16908 050.0067 242.5539 0011377 137.7936 279.2478 12.44492427214262
1 16908U 86061A   20222.52599734 -.00000099 +00000-0 -89616-5 0  9992
2 16908 050.0066 240.4986 0011377 139.4825 033.6427 12.44492428214346
1 16908U 86061A   20222.90399043 -.00000098 +00000-0 -68274-5 0  9991
2 16908 050.0066 239.3363 0011368 140.4336 287.1278 12.44492416214393
1 16908U 86061A   20223.13999190 -.00000101  00000-0 -23485-4 0  9995
2 16908  50.0066 238.6105 0011371 141.0364 264.4529 12.44492411214630
1 16908U 86061A   20223.56903944 -.00000098 +00000-0 -67447-5 0  9996
2 16908 050.0074 237.2911 0011365 142.1049 026.6830 12.44492447214478
1 16908U 86061A   20223.86777083 -.00000098 +00000-0 -56597-5 0  9996
2 16908 050.0074 236.3725 0011361 142.8532 285.0632 12.44492443214513
1 16908U 86061A   20224.19892472 -.00000098  00000-0 -24000-5 0  9997
2 16908  50.0074 235.3542 0011362 143.7268 328.6592 12.44492457214767
1 16908U 86061A   20224.91352242 -.00000085 +00000-0 +86871-4 0  9991
2 16908 050.0065 233.1569 0011357 145.5414 290.1841 12.44492433214640
1 16908U 86061A   20225.19963208 -.00000080  00000-0  12397-3 0  9998
2 16908  50.0065 232.2770 0011359 146.2588 132.0157 12.44492457214882
1 16908U 86061A   20225.57127632 -.00000073 +00000-0 +16995-3 0  9993
2 16908 050.0065 231.1342 0011354 147.1761 357.0746 12.44492480214725
1 16908U 86061A   20225.94447194 -.00000070 +00000-0 +19356-3 0  9993
2 16908 050.0065 229.9866 0011350 148.1371 229.0441 12.44492496214777
1 16908U 86061A   20226.26568275 -.00000078 +00000-0 +13950-3 0  9995
2 16908 050.0065 228.9989 0011351 148.9425 228.1361 12.44492473214812
1 16908U 86061A   20226.37692170 -.00000079  00000-0  13018-3 0  9995
2 16908  50.0065 228.6568 0011350 149.2202   6.5111 12.44492468215038
1 16908U 86061A   20226.83969976 -.00000082 +00000-0 +10791-3 0  9996
2 16908 050.0065 227.2337 0011343 150.3980 279.8368 12.44492467214885
1 16908U 86061A   20227.50703208 -.00000101  00000-0 -23028-4 0  9996
2 16908  50.0073 225.1818 0011341 152.0798  29.6185 12.44492480215175
1 16908U 86061A   20227.58195590 -.00000101 +00000-0 -23647-4 0  9990
2 16908 050.0073 224.9514 0011340 152.2721 005.2886 12.44492479214975
1 16908U 86061A   20228.53546285 -.00000083  00000-0  10124-3 0  9990
2 16908  50.0067 222.0192 0011336 154.6744 317.1883 12.44492515215306
1 16908U 86061A   20228.96179810 -.00000086 +00000-0 +77358-4 0  9999
2 16908 050.0067 220.7082 0011332 155.7671 067.2364 12.44492515215145
1 16908U 86061A   20229.58135267 -.00000095 +00000-0 +16435-4 0  9995
2 16908 050.0068 218.8031 0011328 157.3189 322.9732 12.44492517215226
1 16908U 86061A   20229.81163684 -.00000097  00000-0  43780-5 0  9991
2 16908  50.0068 218.0950 0011326 157.9095 274.6817 12.44492515215469
1 16908U 86061A   20229.89404267 -.00000096 +00000-0 +84569-5 0  9993
2 16908 050.0068 217.8416 0011326 158.1156 283.8777 12.44492518215262
1 16908U 86061A   20230.55500999 -.00000105 +00000-0 -54968-4 0  9998
2 16908 050.0068 215.8091 0011324 159.7892 005.1345 12.44492515215343
1 16908U 86061A   20230.85656203 -.00000107  00000-0 -70091-4 0  9998
2 16908  50.0069 214.8818 0011321 160.5570 276.1395 12.44492507215593
1 16908U 86061A   20230.92605319 -.00000108 +00000-0 -75465-4 0  9999
2 16908 050.0069 214.6681 0011321 160.7330 227.4728 12.44492508215393
1 16908U 86061A   20231.51490814 -.00000114 +00000-0 -11724-3 0  9991
2 16908 050.0069 212.8574 0011317 162.2121 345.6645 12.44492497215460
1 16908U 86061A   20231.90355057 -.00000115 +00000-0 -12336-3 0  9994
2 16908 050.0069 211.6624 0011314 163.2001 286.8508 12.44492491215512
1 16908U 86061A   20232.14333949 -.00000116  00000-0 -13095-3 0  9991
2 16908  50.0069 210.9250 0011315 163.8005 281.1566 12.44492494215751
1 16908U 86061A   20232.55260203 -.00000116 +00000-0 -13042-3 0  9990
2 16908 050.0069 209.6665 0011309 164.8256 314.7400 12.44492495215591
1 16908U 86061A   20232.86567344 -.00000113 +00000-0 -11037-3 0  9999
2 16908 050.0070 208.7038 0011306 165.6218 277.3546 12.44492493215639
1 16908U 86061A   20233.52616972 -.00000120  00000-0 -15687-3 0  9998
2 16908  50.0070 206.6728 0011303 167.2838 356.5112 12.44492466215926
1 16908U 86061A   20233.91273330 -.00000119 +00000-0 -15354-3 0  9997
2 16908 050.0070 205.4841 0011301 168.2675 288.3828 12.44492452215760
1 16908U 86061A   20234.48651819 -.00000114 +00000-0 -11878-3 0  9994
2 16908 050.0070 203.7198 0011298 169.7212 339.0447 12.44492454215835
1 16908U 86061A   20234.70678389 -.00000112  00000-0 -10141-3 0  9990
2 16908  50.0071 203.0425 0011296 170.2853 245.8694 12.44492451216070
1 16908U 86061A   20234.87521088 -.00000112 +00000-0 -99613-4 0  9993
2 16908 050.0071 202.5245 0011296 170.7106 280.4547 12.44492441215889
1 16908U 86061A   20235.61698635 -.00000103 +00000-0 -42413-4 0  9995
2 16908 050.0072 200.2436 0011290 172.5921 003.7430 12.44492449215971
1 16908U 86061A   20235.82767885 -.00000098  00000-0 -60397-5 0  9997
2 16908  50.0072 199.5957 0011289 173.1329 227.6771 12.44492452216213
1 16908U 86061A   20235.90851635 -.00000097 +00000-0 +79571-7 0  9997
2 16908 050.0072 199.3471 0011290 173.3325 229.8493 12.44492457216010
1 16908U 86061A   20236.49732433 -.00000098 +00000-0 -64703-5 0  9997
2 16908 050.0073 197.5366 0011286 174.8168 347.8246 12.44492439216084
1 16908U 86061A   20236.94873017 -.00000108 +00000-0 -77673-4 0  9992
2 16908 050.0081 196.1489 0011288 175.9860 210.1805 12.44492475216147
1 16908U 86061A   20237.18753993 -.00000110  00000-0 -87857-4 0  9997
2 16908  50.0081 195.4146 0011287 176.5899 200.0933 12.44492467216384
1 16908U 86061A   20237.45863056 -.00000107 +00000-0 -67843-4 0  9998
2 16908 050.0081 194.5811 0011283 177.2766 334.6294 12.44492474216203
1 16908U 86061A   20237.92917222 -.00000106 +00000-0 -63171-4 0  9994
2 16908 050.0082 193.1342 0011282 178.4604 282.7510 12.44492471216268
1 16908U 86061A   20238.21499767 -.00000085  00000-0  84700-4 0  9992
2 16908  50.0076 192.2549 0011278 179.1578 123.3278 12.44492448216505
1 16908U 86061A   20238.49557189 -.00000085 +00000-0 +84138-4 0  9990
2 16908 050.0077 191.3921 0011274 179.8707 300.3498 12.44492456216338
1 16908U 86061A   20238.89010957 -.00000087 +00000-0 +76135-4 0  9991
2 16908 050.0077 190.1790 0011274 180.8714 267.9500 12.44492455216385
1 16908U 86061A   20239.22502628 -.00000088  00000-0  63165-4 0  9990
2 16908  50.0078 189.1492 0011273 181.7029 328.4556 12.44492450216638
1 16908U 86061A   20239.46762715 -.00000092 +00000-0 +40183-4 0  9991
2 16908 050.0078 188.4032 0011270 182.3229 335.3468 12.44492449216453
1 16908U 86061A   20239.93512514 -.00000097 +00000-0 +36670-5 0  9995
2 16908 050.0079 186.9657 0011269 183.4943 269.8369 12.44492443216515
1 16908U 86061A   20240.22464573 -.00000107 +00000-0 -71117-4 0  9997
2 16908 050.0084 186.0759 0011267 184.2548 126.9157 12.44492446216547
1 16908U 86061A   20240.35250993 -.00000106  00000-0 -63092-4 0  9992
2 16908  50.0084 185.6827 0011266 184.5824 339.7672 12.44492445216777
1 16908U 86061A   20240.90082369 -.00000106 +00000-0 -61028-4 0  9990
2 16908 050.0085 183.9967 0011263 185.9727 276.3124 12.44492435216630
1 16908U 86061A   20241.56126322 -.00000103  00000-0 -40588-4 0  9996
2 16908  50.0082 181.9657 0011256 187.6420 355.2071 12.44492460216920
1 16908U 86061A   20241.93124929 -.00000110 +00000-0 -89608-4 0  9992
2 16908 050.0082 180.8280 0011259 188.5763 212.8159 12.44492446216764
1 16908U 86061A   20242.43033896 -.00000104 +00000-0 -47691-4 0  9999
2 16908 050.0086 179.2936 0011253 189.8544 288.8150 12.44492426216822
1 16908U 86061A   20242.82821537 -.00000105  00000-0 -54013-4 0  9996
2 16908  50.0087 178.0702 0011253 190.8689 271.3679 12.44492415217083
1 16908U 86061A   20242.91005571 -.00000104 +00000-0 -49468-4 0  9995
2 16908 050.0087 177.8185 0011253 191.0722 278.0317 12.44492421216883
1 16908U 86061A   20243.56460538 -.00000120 +00000-0 -16115-3 0  9995
2 16908 050.0084 175.8059 0011247 192.7313 330.5347 12.44492411216960
1 16908U 86061A   20243.87227122 -.00000102  00000-0 -33236-4 0  9993
2 16908  50.0088 174.8599 0011248 193.5182 268.9256 12.44492420217218
1 16908U 86061A   20244.53018878 -.00000114 +00000-0 -11788-3 0  9993
2 16908 050.0084 172.8369 0011241 195.1602 336.5432 12.44492413217080
1 16908U 86061A   20244.91725659 -.00000115 +00000-0 -12536-3 0  9990
2 16908 050.0084 171.6467 0011243 196.1245 270.6943 12.44492398217135
1 16908U 86061A   20245.20715159 -.00000113  00000-0 -11353-3 0  9991
2 16908  50.0084 170.7554 0011240 196.8693 129.4666 12.44492386217379
1 16908U 86061A   20245.40184170 -.00000114 +00000-0 -11747-3 0  9994
2 16908 050.0084 170.1567 0011237 197.3703 281.7064 12.44492385217194
1 16908U 86061A   20245.88166639 -.00000112 +00000-0 -10606-3 0  9997
2 16908 050.0084 168.6813 0011238 198.5877 271.4072 12.44492371217253
1 16908U 86061A   20246.21562528 -.00000110  00000-0 -91022-4 0  9992
2 16908  50.0085 167.6545 0011234 199.4277 327.6102 12.44492357217505
1 16908U 86061A   20246.54227594 -.00000107 +00000-0 -69050-4 0  9991
2 16908 050.0085 166.6501 0011231 200.2704 351.0499 12.44492361217335
1 16908U 86061A   20246.92834734 -.00000099 +00000-0 -11447-4 0  9990
2 16908 050.0090 165.4630 0011231 201.2640 280.7048 12.44492449217381
1 16908U 86061A   20247.33560000 -.00000096  00000-0  95974-5 0  9992
2 16908  50.0085 164.2108 0011228 202.3024 305.2649 12.44492363217640
1 16908U 86061A   20247.55594507 -.00000091 +00000-0 +42165-4 0  9993
2 16908 050.0085 163.5333 0011227 202.8674 212.4444 12.44492371217468
1 16908U 86061A   20247.88918909 -.00000087 +00000-0 +74537-4 0  9998
2 16908 050.0085 162.5086 0011228 203.6961 265.4543 12.44492385217509
1 16908U 86061A   20248.46748502 -.00000086  00000-0  79235-4 0  9992
2 16908  50.0086 160.7305 0011222 205.1835 336.3038 12.44492375217781
1 16908U 86061A   20248.97353703 -.00000081 +00000-0 +11365-3 0  9997
2 16908 050.0086 159.1745 0011224 206.4546 083.5204 12.44492387217639
1 16908U 86061A   20249.51012802 -.00000101  00000-0 -28841-4 0  9992
2 16908  50.0091 157.5246 0011216 207.8459 327.5155 12.44492428217915
1 16908U 86061A   20249.56464487 -.00000100 +00000-0 -21274-4 0  9999
2 16908 050.0091 157.3570 0011216 207.9821 211.7629 12.44492430217718
1 16908U 86061A   20249.89972292 -.00000097 +00000-0 +50662-5 0  9991
2 16908 050.0090 156.3267 0011216 208.8119 272.9934 12.44492444217756
1 16908U 86061A   20250.22156682 -.00000076 +00000-0 +15181-3 0  9999
2 16908 050.0086 155.3371 0011211 209.6132 274.9261 12.44492416217793
1 16908U 86061A   20250.51123843 -.00000078  00000-0  13303-3 0  9990
2 16908  50.0087 154.4464 0011210 210.3770 132.6782 12.44492412218035
1 16908U 86061A   20250.61116184 -.00000077 +00000-0 +14095-3 0  9999
2 16908 050.0087 154.1392 0011210 210.6292 220.3543 12.44492414217844
1 16908U 86061A   20251.57591605 -.00000077 +00000-0 +14071-3 0  9994
2 16908 050.0087 151.1728 0011206 213.0938 222.6102 12.44492451217963
1 16908U 86061A   20251.90838675 -.00000083 +00000-0 +10198-3 0  9995
2 16908 050.0087 150.1505 0011206 213.9238 272.1524 12.44492449218008
1 16908U 86061A   20252.48169436 -.00000090 +00000-0 +48461-4 0  9994
2 16908 050.0087 148.3877 0011201 215.4124 320.6399 12.44492443218075
1 16908U 86061A   20252.87136073 -.00000096  00000-0  12479-4 0  9994
2 16908  50.0090 147.1893 0011204 216.3938 266.4230 12.44492436218332
1 16908U 86061A   20253.12170709 -.00000095 +00000-0 +19029-4 0  9994
2 16908 050.0090 146.4195 0011200 217.0331 308.0156 12.44492434218158
1 16908U 86061A   20253.90711234 -.00000100 +00000-0 -19749-4 0  9991
2 16908 050.0086 144.0049 0011194 218.9935 226.8049 12.44492454218258
1 16908U 86061A   20254.24067809 -.00000098 +00000-0 -68979-5 0  9997
2 16908 050.0086 142.9792 0011191 219.8570 281.2225 12.44492470218295
1 16908U 86061A   20254.97343750 -.00000103 +00000-0 -41145-4 0  9991
2 16908 050.0085 140.7261 0011190 221.7157 324.1172 12.44492456218385
1 16908U 86061A   20255.21093937 -.00000093  00000-0  30025-4 0  9990
2 16908  50.0089 139.9954 0011190 222.3345 308.1518 12.44492459218620
1 16908U 86061A   20255.50921021 -.00000092 +00000-0 +39889-4 0  9992
2 16908 050.0089 139.0782 0011191 223.1128 204.4373 12.44492467218456
1 16908U 86061A   20255.84288726 -.00000093 +00000-0 +30230-4 0  9999
2 16908 050.0089 138.0522 0011192 223.9427 259.3873 12.44492466218495
1 16908U 86061A   20256.55475078 -.00000095 +00000-0 +16971-4 0  9994
2 16908 050.0089 135.8633 0011187 225.7702 208.6427 12.44492465218584
1 16908U 86061A   20256.72135035 -.00000093 +00000-0 +26991-4 0  9990
2 16908 050.0089 135.3510 0011188 226.1811 235.0508 12.44492471218604
1 16908U 86061A   20257.28784962 -.00000103 +00000-0 -37571-4 0  9990
2 16908 050.0083 133.6095 0011177 227.6419 253.0465 12.44492443218673
1 16908U 86061A   20257.51704338 -.00000100  00000-0 -16256-4 0  9999
2 16908  50.0083 132.9048 0011177 228.2276 199.8716 12.44492443218914
1 16908U 86061A   20257.94674769 -.00000096 +00000-0 +97541-5 0  9990
2 16908 050.0082 131.5834 0011176 229.2985 325.0435 12.44492446218754
1 16908U 86061A   20258.56385013 -.00000090 +00000-0 +50671-4 0  9996
2 16908 050.0082 129.6858 0011175 230.8875 209.7504 12.44492460218833
1 16908U 86061A   20258.81444524 -.00000089  00000-0  57402-4 0  9994
2 16908  50.0082 128.9152 0011174 231.5050 252.4800 12.44492467219072
1 16908U 86061A   20258.88765332 -.00000088 +00000-0 +63360-4 0  9993
2 16908 050.0082 128.6901 0011173 231.6881 220.4680 12.44492467218871
1 16908U 86061A   20259.52636819 -.00000095 +00000-0 +17419-4 0  9994
2 16908 050.0088 126.7259 0011176 233.3333 202.0014 12.44492508218958
1 16908U 86061A   20259.95465278 -.00000079 +00000-0 +12692-3 0  9999
2 16908 050.0082 125.4091 0011167 234.4024 320.8105 12.44492487219004
1 16908U 86061A   20260.17694568 -.00000081  00000-0  11189-3 0  9994
2 16908  50.0082 124.7256 0011166 234.9817 236.7075 12.44492483219246
1 16908U 86061A   20260.57333234 -.00000081 +00000-0 +11718-3 0  9996
2 16908 050.0082 123.5067 0011167 236.0010 212.5776 12.44492479219089
1 16908U 86061A   20260.89538170 -.00000076 +00000-0 +15261-3 0  9998
2 16908 050.0082 122.5164 0011167 236.8118 215.4232 12.44492508219120
1 16908U 86061A   20261.22259205 -.00000075  00000-0  15670-3 0  9998
2 16908  50.0082 121.5102 0011166 237.6552 241.3714 12.44492520219375
1 16908U 86061A   20261.53546338 -.00000077 +00000-0 +14045-3 0  9995
2 16908 050.0082 120.5482 0011167 238.4535 203.0869 12.44492510219203
1 16908U 86061A   20261.86857050 -.00000078 +00000-0 +13383-3 0  9992
2 16908 050.0082 119.5239 0011166 239.2784 255.4873 12.44492519219244
1 16908U 86061A   20262.41379306 -.00000098  00000-0 -44542-5 0  9993
2 16908  50.0087 117.8471 0011166 240.7215 178.1237 12.44492516219527
1 16908U 86061A   20262.49800039 -.00000099 +00000-0 -14142-4 0  9996
2 16908 050.0087 117.5882 0011166 240.9322 195.3907 12.44492509219326
1 16908U 86061A   20262.90478338 -.00000091 +00000-0 +47366-4 0  9990
2 16908 050.0087 116.3373 0011166 241.9498 217.8667 12.44492552219379
1 16908U 86061A   20263.54497321 -.00000087  00000-0  72991-4 0  9991
2 16908  50.0082 114.3690 0011161 243.5881 206.0179 12.44492538219667
1 16908U 86061A   20263.86704578 -.00000085 +00000-0 +84865-4 0  9992
2 16908 050.0082 113.3786 0011161 244.3841 208.9826 12.44492567219490